First occurrence t = 31.000000  with q = 0.745884
Centers of the clusters:
80845.234511  -67159.421109  -140856.874327
77514.776969  76521.973557  -180198.754507
172351.702355  -175072.545454  -158334.814083
70282.664051  -45433.658568  57570.243467
167455.967876  174155.485395  4434.833882
-72400.800459  -61841.332848  61191.543995
27019.535388  180622.812053  6996.678560
-54254.701873  79148.874158  45322.454338
57409.765349  56568.982066  -47537.479382
-173932.399683  50444.423071  -38929.594250
180969.115128  70247.154926  -135727.885872
-172984.196289  -69982.563648  -65505.478908
-179813.583139  -93366.445243  88258.464849
182416.387472  1597.411774  159894.360235
10067.121913  189636.536987  -150959.673343
15363.005668  28491.251091  174327.905678
152330.435551  -147324.092525  173309.250622
-34630.692289  -50347.184248  -185890.212087
18750.213754  -173985.289941  -173585.323441
-155899.089713  159790.413895  -183142.997477
-131032.663727  -26854.243995  190353.643911
182121.943936  61246.930604  27930.743801
-160048.385568  173250.256323  63170.482405
-174436.891649  38779.145116  104186.161185
178012.628760  -48078.925355  -169584.487931
165087.678085  184483.475332  -143691.461044
13165.704276  -176979.571190  75604.598443
175404.075014  -70040.386205  -18085.318894
-74091.825042  -176490.478460  -71248.369954
-165777.297575  -7175.084564  -171495.785973
-32294.206849  -50489.019236  -57454.780475
171516.153615  -180313.717132  51136.884693
-58323.704999  66850.856322  -128413.952646
-150805.555637  -177561.165941  161043.401713
-165877.131024  -180420.546674  14101.021647
-8643.195289  177359.652044  157675.579997
-164400.485275  -169174.129953  -167302.841300
-140683.487490  172678.563418  -67227.992094
85967.415404  88362.243017  100739.538152
73083.794035  -179132.278819  -48323.593151
159568.814870  166761.954277  167319.847879
-8409.381352  -133640.841523  178420.023693
-150360.459265  147125.356295  185345.722639
